435
7
55802855
55804209
 0 1 1 41 73 7 (D 0,1,1) (S 17,1,5) (S 4,5,5) (S 20,5,7) (S 6,7,7) (S 8,6,9) (S 23,4,2) (D 0,1,1)
 0 1 2 40 68 5 (D 0,1,1) (S 21,1,7) (S 11,7,8) (S 10,8,2) (S 14,9,10) (D 0,1,1)
 0 1 3 41 69 5 (D 0,1,1) (S 22,1,8) (S 18,8,10) (S 15,7,10) (S 9,4,3) (D 0,1,1)
 0 1 4 36 58 4 (D 0,1,1) (S 3,4,4) (S 12,4,1) (S 2,3,3) (D 0,1,1)
 0 1 5 40 80 5 (D 0,1,1) (S 13,3,6) (S 5,6,6) (S 16,3,1) (S 19,8,9) (D 0,1,1)
 0 1 6 31 49 2 (D 0,1,1) (S 1,2,2) (D 0,1,1)
 0 1 7 16 38 2 (D 0,1,1) (S 7,9,9) (D 0,1,1)
