607
7
23481572
23482926
 0 1 1 35 49 5 (D 0,1,1) (S 7,1,3) (S 2,3,3) (S 12,1,2) (S 11,2,3) (D 0,1,1)
 0 1 2 35 121 5 (D 0,1,1) (S 19,1,4) (S 3,4,4) (S 16,6,12) (S 21,11,13) (D 0,1,1)
 0 1 3 35 107 5 (D 0,1,1) (S 1,2,2) (S 20,2,8) (S 13,8,9) (S 15,7,9) (D 0,1,1)
 0 1 4 31 71 3 (D 0,1,1) (S 8,4,11) (S 10,11,12) (D 0,1,1)
 0 1 5 34 81 4 (D 0,1,1) (S 17,4,10) (S 14,10,11) (S 4,5,5) (D 0,1,1)
 0 1 6 33 95 4 (D 0,1,1) (S 18,6,10) (S 6,12,12) (S 9,12,8) (D 0,1,1)
 0 1 7 9 83 2 (D 0,1,1) (S 5,9,9) (D 0,1,1)
