646
7
45094353
45095707
 0 1 1 35 137 8 (D 0,1,1) (S 21,1,5) (S 11,5,10) (S 8,10,10) (S 18,6,12) (S 13,11,13) (S 19,8,9) (S 5,7,7) (D 0,1,1)
 0 1 2 35 59 4 (D 0,1,1) (S 1,2,2) (S 15,2,8) (S 6,8,8) (D 0,1,1)
 0 1 3 28 46 4 (D 0,1,1) (S 12,2,3) (S 2,3,3) (S 17,3,6) (D 0,1,1)
 0 1 4 31 112 4 (D 0,1,1) (S 20,2,6) (S 4,6,6) (S 7,9,9) (D 0,1,1)
 0 1 5 31 91 2 (D 0,1,1) (S 3,4,4) (D 0,1,1)
 0 1 6 29 115 3 (D 0,1,1) (S 10,12,12) (S 9,11,11) (D 0,1,1)
 0 1 7 23 86 3 (D 0,1,1) (S 14,4,5) (S 16,4,10) (D 0,1,1)
