48939
26
57151753
57153137
 0 1 1 1521 1885 6 (D 0,1,1) (S 24,22,12) (S 10,12,5) (S 7,5,4) (S 5,4,3) (S 3,3,2) (D 0,1,1)
 0 1 2 1514 1794 6 (D 0,1,1) (S 40,22,21) (S 31,21,16) (S 20,16,10) (S 6,10,3) (S 18,10,11) (D 0,1,1)
 0 1 3 1563 1791 4 (D 0,1,1) (S 42,22,23) (S 26,23,13) (S 27,14,24) (D 0,1,1)
 0 1 4 1483 1861 6 (D 0,1,1) (S 43,22,30) (S 55,30,29) (S 39,29,20) (S 29,20,15) (S 17,19,9) (D 0,1,1)
 0 1 5 1513 1990 6 (D 0,1,1) (S 58,30,31) (S 45,31,23) (S 44,23,24) (S 46,24,32) (S 56,29,37) (D 0,1,1)
 0 1 6 1464 1689 4 (D 0,1,1) (S 59,30,39) (S 73,39,38) (S 57,38,29) (D 0,1,1)
 0 1 7 1547 2127 5 (D 0,1,1) (S 32,21,17) (S 22,17,11) (S 8,11,4) (S 48,25,33) (D 0,1,1)
 0 1 8 1554 1930 4 (D 0,1,1) (S 37,21,20) (S 35,20,19) (S 71,37,38) (D 0,1,1)
 0 1 9 1501 1842 5 (D 0,1,1) (S 41,21,29) (S 53,29,28) (S 38,28,20) (S 51,28,27) (D 0,1,1)
 0 1 10 1547 1957 5 (D 0,1,1) (S 21,12,11) (S 30,17,16) (S 28,16,15) (S 14,9,8) (D 0,1,1)
 0 1 11 1462 1694 4 (D 0,1,1) (S 23,12,13) (S 12,13,6) (S 9,6,5) (D 0,1,1)
 0 1 12 1542 1968 5 (D 0,1,1) (S 60,31,32) (S 62,32,40) (S 61,40,31) (S 76,39,50) (D 0,1,1)
 0 1 13 1461 1910 5 (D 0,1,1) (S 75,39,40) (S 77,40,41) (S 63,41,32) (S 91,52,51) (D 0,1,1)
 0 1 14 1412 1712 4 (D 0,1,1) (S 25,13,14) (S 13,14,7) (S 11,7,6) (D 0,1,1)
 0 1 15 1513 2045 5 (D 0,1,1) (S 19,15,10) (S 16,10,9) (S 4,9,2) (S 47,26,25) (D 0,1,1)
 0 1 16 1561 1976 5 (D 0,1,1) (S 78,40,51) (S 90,51,50) (S 89,50,49) (S 88,49,48) (D 0,1,1)
 0 1 17 1483 1875 4 (D 0,1,1) (S 74,38,49) (S 72,48,37) (S 70,37,36) (D 0,1,1)
 0 1 18 1432 1874 4 (D 0,1,1) (S 54,28,37) (S 52,36,27) (S 68,36,35) (D 0,1,1)
 0 1 19 1430 1873 4 (D 0,1,1) (S 33,19,18) (S 15,18,8) (S 2,8,1) (D 0,1,1)
 0 1 20 1516 1945 4 (D 0,1,1) (S 36,19,26) (S 49,26,27) (S 66,35,34) (D 0,1,1)
 0 1 21 1479 2133 5 (D 0,1,1) (S 79,41,52) (S 87,48,47) (S 84,47,44) (S 80,43,42) (D 0,1,1)
 0 1 22 1541 2010 4 (D 0,1,1) (S 50,26,35) (S 69,35,44) (S 83,43,46) (D 0,1,1)
 0 1 23 1454 1963 4 (D 0,1,1) (S 34,18,25) (S 64,33,34) (S 86,46,47) (D 0,1,1)
 0 1 24 1122 1728 3 (D 0,1,1) (S 1,2,1) (S 65,33,42) (D 0,1,1)
 0 1 25 1125 1534 3 (D 0,1,1) (S 67,34,43) (S 82,43,44) (D 0,1,1)
 0 1 26 1348 1833 3 (D 0,1,1) (S 81,42,45) (S 85,45,46) (D 0,1,1)
