444
6
55767175
55768524
 0 1 1 5 73 6 (D 0,1,1) (S 19,1,2) (S 4,2,2) (S 8,2,3) (S 2,3,3) (S 24,3,4) (D 0,1,1)
 0 1 2 5 68 6 (D 0,1,1) (S 20,1,4) (S 1,4,4) (S 9,4,2) (S 10,2,9) (S 17,9,10) (D 0,1,1)
 0 1 3 5 71 6 (D 0,1,1) (S 21,1,7) (S 7,7,7) (S 14,7,8) (S 16,8,11) (S 5,11,11) (D 0,1,1)
 0 1 4 5 70 6 (D 0,1,1) (S 22,1,10) (S 3,10,10) (S 18,10,11) (S 12,11,5) (S 11,5,6) (D 0,1,1)
 0 1 5 5 69 6 (D 0,1,1) (S 23,1,12) (S 6,12,12) (S 13,12,5) (S 25,5,3) (S 15,12,7) (D 0,1,1)
 0 1 6 4 93 5 (D 0,1,1) (S 27,12,6) (S 26,7,6) (S 28,8,10) (S 29,9,11) (D 0,1,1)
