250
8
58499935
58501285
 0 1 1 27 33 8 (D 0,1,1) (S 21,1,3) (S 2,3,3) (S 19,3,4) (S 12,4,8) (S 15,2,11) (S 11,7,10) (S 5,6,6) (D 0,1,1)
 0 1 2 27 36 7 (D 0,1,1) (S 27,1,6) (S 18,6,7) (S 6,7,7) (S 20,2,3) (S 24,6,10) (S 16,4,10) (D 0,1,1)
 0 1 3 27 31 6 (D 0,1,1) (S 30,1,11) (S 10,11,11) (S 13,11,5) (S 25,5,8) (S 23,4,9) (D 0,1,1)
 0 1 4 25 29 4 (D 0,1,1) (S 7,8,8) (S 4,5,5) (S 14,5,4) (D 0,1,1)
 0 1 5 26 34 5 (D 0,1,1) (S 22,3,11) (S 17,2,4) (S 8,9,9) (S 31,6,8) (D 0,1,1)
 0 1 6 25 28 4 (D 0,1,1) (S 26,3,9) (S 29,9,10) (S 9,10,10) (D 0,1,1)
 0 1 7 21 25 2 (D 0,1,1) (S 1,2,2) (D 0,1,1)
 0 1 8 27 34 3 (D 0,1,1) (S 3,4,4) (S 28,5,10) (D 0,1,1)
