80406
36
14953884
14955228
 0 1 1 1610 2382 7 (D,0,1,1) (S 56,1,2) (S 173,49,58) (S 148,27,18) (S 7,9,9) (S 58,2,9) (S 1,2,2) (D,0,1,1)
 0 1 2 1613 2074 7 (D,0,1,1) (S 57,1,8) (S 6,8,8) (S 65,8,9) (S 66,9,11) (S 68,11,18) (S 146,25,30) (D,0,1,1)
 0 1 3 1600 2129 7 (D,0,1,1) (S 129,8,10) (S 8,10,10) (S 67,10,11) (S 9,11,11) (S 130,10,17) (S 170,43,46) (D,0,1,1)
 0 1 4 1577 2032 7 (D,0,1,1) (S 124,2,3) (S 2,3,3) (S 59,3,4) (S 3,4,4) (S 4,5,5) (S 132,12,19) (D,0,1,1)
 0 1 5 1583 1931 6 (D,0,1,1) (S 15,17,17) (S 76,17,26) (S 22,26,26) (S 23,27,27) (S 77,26,18) (D,0,1,1)
 0 1 6 1605 2313 7 (D,0,1,1) (S 136,17,11) (S 16,18,18) (S 137,18,19) (S 17,19,19) (S 48,53,53) (S 71,19,13) (D,0,1,1)
 0 1 7 1595 1982 7 (D,0,1,1) (S 125,3,2) (S 126,3,12) (S 10,12,12) (S 69,12,13) (S 11,13,13) (S 61,13,4) (D,0,1,1)
 0 1 8 1601 2068 6 (D,0,1,1) (S 86,26,34) (S 29,34,34) (S 97,36,45) (S 94,34,35) (S 162,35,27) (D,0,1,1)
 0 1 9 1612 2259 7 (D,0,1,1) (S 147,26,27) (S 87,27,28) (S 24,28,28) (S 100,39,40) (S 18,20,20) (S 79,28,19) (D,0,1,1)
 0 1 10 1582 2111 7 (D,0,1,1) (S 60,4,5) (S 62,5,6) (S 5,6,6) (S 64,6,15) (S 134,15,23) (S 140,23,15) (D,0,1,1)
 0 1 11 1616 2204 6 (D,0,1,1) (S 131,12,3) (S 70,13,14) (S 12,14,14) (S 74,14,22) (S 144,25,20) (D,0,1,1)
 0 1 12 1599 2401 6 (D,0,1,1) (S 161,34,36) (S 31,36,36) (S 96,36,37) (S 32,37,37) (S 175,51,42) (D,0,1,1)
 0 1 13 1586 2227 6 (D,0,1,1) (S 149,27,26) (S 163,36,34) (S 30,35,35) (S 95,35,37) (S 50,55,55) (D,0,1,1)
 0 1 14 1610 2196 5 (D,0,1,1) (S 78,19,20) (S 139,22,31) (S 72,20,13) (S 133,14,5) (D,0,1,1)
 0 1 15 1591 2197 5 (D,0,1,1) (S 127,5,14) (S 73,14,15) (S 13,15,15) (S 141,23,24) (D,0,1,1)
 0 1 16 1601 2087 5 (D,0,1,1) (S 88,28,29) (S 25,29,29) (S 81,29,20) (S 80,20,21) (D,0,1,1)
 0 1 17 1595 2193 7 (D,0,1,1) (S 89,28,37) (S 98,37,43) (S 38,43,43) (S 104,43,44) (S 39,44,44) (S 166,39,29) (D,0,1,1)
 0 1 18 1581 2232 6 (D,0,1,1) (S 90,28,38) (S 33,38,38) (S 99,38,44) (S 105,44,47) (S 49,54,54) (D,0,1,1)
 0 1 19 1616 2196 6 (D,0,1,1) (S 138,20,25) (S 85,25,31) (S 26,31,31) (S 35,40,40) (S 155,31,22) (D,0,1,1)
 0 1 20 1579 2262 6 (D,0,1,1) (S 63,6,7) (S 128,7,16) (S 14,16,16) (S 28,33,33) (S 75,16,15) (D,0,1,1)
 0 1 21 1593 2095 5 (D,0,1,1) (S 40,45,45) (S 106,45,46) (S 41,46,46) (S 109,46,53) (D,0,1,1)
 0 1 22 1588 2179 6 (D,0,1,1) (S 107,45,52) (S 47,52,52) (S 117,52,53) (S 119,53,55) (S 120,55,54) (D,0,1,1)
 0 1 23 1605 2488 6 (D,0,1,1) (S 19,21,21) (S 82,21,22) (S 20,22,22) (S 156,31,32) (S 176,51,60) (D,0,1,1)
 0 1 24 1590 2403 7 (D,0,1,1) (S 118,52,54) (S 177,55,56) (S 51,56,56) (S 111,56,47) (S 110,47,48) (S 101,40,41) (D,0,1,1)
 0 1 25 1552 2167 5 (D,0,1,1) (S 145,25,21) (S 83,22,23) (S 84,23,32) (S 27,32,32) (D,0,1,1)
 0 1 26 1583 2452 6 (D,0,1,1) (S 164,38,37) (S 108,46,47) (S 42,47,47) (S 53,58,58) (S 179,58,59) (D,0,1,1)
 0 1 27 1590 2175 6 (D,0,1,1) (S 165,38,39) (S 34,39,39) (S 167,39,48) (S 43,48,48) (S 172,48,39) (D,0,1,1)
 0 1 28 1604 2377 7 (D,0,1,1) (S 150,29,19) (S 151,29,30) (S 153,30,29) (S 152,29,39) (S 91,40,31) (S 154,30,31) (D,0,1,1)
 0 1 29 1483 2176 5 (D,0,1,1) (S 171,46,43) (S 112,48,49) (S 44,49,49) (S 102,49,40) (D,0,1,1)
 0 1 30 1591 2354 6 (D,0,1,1) (S 135,16,24) (S 21,24,24) (S 159,33,24) (S 143,24,23) (S 142,24,16) (D,0,1,1)
 0 1 31 1539 2245 6 (D,0,1,1) (S 92,32,41) (S 36,41,41) (S 168,41,50) (S 45,50,50) (S 174,50,41) (D,0,1,1)
 0 1 32 1555 2407 6 (D,0,1,1) (S 157,32,31) (S 158,32,33) (S 93,33,42) (S 37,42,42) (S 46,51,51) (D,0,1,1)
 0 1 33 1536 2434 5 (D,0,1,1) (S 113,48,57) (S 52,57,57) (S 123,59,60) (S 121,57,56) (D,0,1,1)
 0 1 34 1559 2424 5 (D,0,1,1) (S 178,56,55) (S 122,57,58) (S 54,59,59) (S 116,59,50) (D,0,1,1)
 0 1 35 1500 2279 4 (D,0,1,1) (S 103,41,42) (S 169,42,51) (S 115,51,50) (D,0,1,1)
 0 1 36 1265 2275 5 (D,0,1,1) (S 160,33,32) (S 55,60,60) (S 180,59,58) (S 114,50,49) (D,0,1,1)
