595
10
1349410
1350740
 0 1 1 27 47 8 (D,0,1,1) (S 12,1,2) (S 1,2,2) (S 30,12,13) (S 20,13,15) (S 17,15,1) (S 21,1,24) (S 25,25,26) (D,0,1,1)
 0 1 2 27 53 7 (D,0,1,1) (S 13,1,27) (S 11,26,26) (S 22,23,26) (S 18,23,22) (S 39,22,25) (S 7,14,14) (D,0,1,1)
 0 1 3 27 71 7 (D,0,1,1) (S 19,1,17) (S 23,15,17) (S 33,15,20) (S 40,20,21) (S 32,13,14) (S 8,16,16) (D,0,1,1)
 0 1 4 26 70 5 (D,0,1,1) (S 35,1,19) (S 42,24,27) (S 45,23,24) (S 24,6,7) (D,0,1,1)
 0 1 5 27 52 6 (D,0,1,1) (S 2,3,3) (S 29,3,6) (S 5,6,6) (S 16,6,4) (S 15,5,9) (D,0,1,1)
 0 1 6 27 62 6 (D,0,1,1) (S 34,3,4) (S 3,4,4) (S 14,4,10) (S 6,10,10) (S 38,8,9) (D,0,1,1)
 0 1 7 25 56 4 (D,0,1,1) (S 43,3,8) (S 4,5,5) (S 27,6,10) (D,0,1,1)
 0 1 8 25 88 4 (D,0,1,1) (S 41,6,9) (S 36,7,11) (S 26,14,18) (D,0,1,1)
 0 1 9 26 56 5 (D,0,1,1) (S 28,14,20) (S 10,21,21) (S 44,21,25) (S 9,18,18) (D,0,1,1)
 0 1 10 12 40 3 (D,0,1,1) (S 31,14,21) (S 37,18,25) (D,0,1,1)
