763
10
14604936
14606271
 0 1 1 50 60 6 (D,0,1,1) (S 19,1,7) (S 46,7,8) (S 6,8,8) (S 1,2,2) (S 37,1,2) (D,0,1,1)
 0 1 2 50 61 11 (D,0,1,1) (S 31,1,31) (S 22,31,29) (S 28,29,27) (S 21,27,26) (S 59,26,28) (S 16,28,28) (S 51,28,26) (S 27,27,24) (S 60,29,30) (S 34,2,1) (D,0,1,1)
 0 1 3 50 69 11 (D,0,1,1) (S 43,1,30) (S 58,30,29) (S 63,29,28) (S 48,31,5) (S 4,5,5) (S 40,5,31) (S 5,6,6) (S 55,6,5) (S 7,10,10) (S 35,14,10) (D,0,1,1)
 0 1 4 50 73 8 (D,0,1,1) (S 26,2,8) (S 25,8,9) (S 30,9,13) (S 17,13,4) (S 3,4,4) (S 45,13,12) (S 49,9,4) (D,0,1,1)
 0 1 5 49 76 9 (D,0,1,1) (S 61,30,1) (S 56,6,11) (S 8,11,11) (S 23,11,10) (S 36,10,16) (S 64,16,17) (S 11,17,17) (S 38,11,12) (D,0,1,1)
 0 1 6 50 79 9 (D,0,1,1) (S 53,10,5) (S 57,14,15) (S 10,15,15) (S 65,15,14) (S 41,17,11) (S 9,12,12) (S 47,12,13) (S 20,4,3) (D,0,1,1)
 0 1 7 50 95 7 (D,0,1,1) (S 18,24,23) (S 15,23,23) (S 52,25,28) (S 62,12,18) (S 12,18,18) (S 50,18,21) (D,0,1,1)
 0 1 8 49 91 7 (D,0,1,1) (S 66,7,6) (S 32,13,19) (S 13,19,19) (S 24,19,21) (S 14,21,21) (S 42,19,18) (D,0,1,1)
 0 1 9 39 100 6 (D,0,1,1) (S 2,3,3) (S 54,3,2) (S 44,18,19) (S 39,19,20) (S 29,20,22) (D,0,1,1)
 0 1 10 14 59 2 (D,0,1,1) (S 33,21,22) (D,0,1,1)
