869
9
14615642
14616975
 0 1 1 65 75 11 (D,0,1,1) (S 42,1,6) (S 4,6,6) (S 72,6,2) (S 38,2,36) (S 25,36,36) (S 32,36,35) (S 49,35,34) (S 31,34,27) (S 74,1,2) (S 64,2,1) (D,0,1,1)
 0 1 2 65 77 11 (D,0,1,1) (S 50,1,8) (S 6,8,8) (S 34,8,14) (S 10,14,14) (S 11,15,15) (S 55,15,16) (S 12,16,16) (S 63,16,10) (S 76,10,9) (S 66,9,10) (D,0,1,1)
 0 1 3 65 88 10 (D,0,1,1) (S 57,1,40) (S 70,40,1) (S 48,2,6) (S 9,12,12) (S 75,12,11) (S 8,11,11) (S 46,11,1) (S 58,11,12) (S 51,13,18) (D,0,1,1)
 0 1 4 64 83 9 (D,0,1,1) (S 68,2,3) (S 1,3,3) (S 40,3,7) (S 5,7,7) (S 77,7,6) (S 35,13,19) (S 14,18,18) (S 80,18,13) (D,0,1,1)
 0 1 5 65 108 9 (D,0,1,1) (S 23,33,33) (S 33,33,34) (S 39,34,26) (S 29,26,27) (S 19,27,27) (S 59,34,35) (S 67,8,9) (S 61,3,4) (D,0,1,1)
 0 1 6 64 85 9 (D,0,1,1) (S 24,35,35) (S 36,36,29) (S 43,29,30) (S 52,30,31) (S 21,31,31) (S 28,31,38) (S 27,38,38) (S 26,37,37) (D,0,1,1)
 0 1 7 65 115 10 (D,0,1,1) (S 7,10,10) (S 79,9,8) (S 2,4,4) (S 78,38,39) (S 30,39,32) (S 22,32,32) (S 44,39,5) (S 3,5,5) (S 65,37,3) (D,0,1,1)
 0 1 8 64 110 12 (D,0,1,1) (S 47,37,30) (S 62,31,37) (S 73,37,36) (S 45,18,17) (S 13,17,17) (S 17,22,22) (S 41,22,25) (S 16,21,21) (S 53,21,20) (S 15,20,20) (S 69,20,17) (D,0,1,1)
 0 1 9 42 128 8 (D,0,1,1) (S 71,26,33) (S 20,28,28) (S 60,39,38) (S 54,21,22) (S 18,24,24) (S 37,24,23) (S 56,24,21) (D,0,1,1)
