304
7
3816583
3817915
 0 1 1 20 24 7 (D,0,1,1) (S 19,1,2) (S 37,2,4) (S 2,4,4) (S 17,4,3) (S 1,3,3) (S 38,4,2) (D,0,1,1)
 0 1 2 20 49 9 (D,0,1,1) (S 3,5,5) (S 22,5,10) (S 7,10,10) (S 18,10,9) (S 6,9,9) (S 26,17,18) (S 27,6,12) (S 25,9,3) (D,0,1,1)
 0 1 3 20 42 7 (D,0,1,1) (S 36,5,6) (S 14,6,7) (S 4,7,7) (S 9,12,12) (S 34,12,6) (S 30,20,23) (D,0,1,1)
 0 1 4 20 47 6 (D,0,1,1) (S 23,10,11) (S 8,11,11) (S 10,15,15) (S 11,16,16) (S 12,18,18) (D,0,1,1)
 0 1 5 20 42 7 (D,0,1,1) (S 29,19,20) (S 31,23,24) (S 21,24,21) (S 33,21,20) (S 32,23,20) (S 13,22,22) (D,0,1,1)
 0 1 6 20 45 4 (D,0,1,1) (S 5,8,8) (S 20,14,18) (S 15,17,16) (D,0,1,1)
 0 1 7 17 55 5 (D,0,1,1) (S 24,22,19) (S 16,17,13) (S 35,13,14) (S 28,13,12) (D,0,1,1)
