340
6
1349699
1351029
 0 1 1 27 49 7 (D,0,1,1) (S 15,1,15) (S 6,15,15) (S 34,15,17) (S 7,17,17) (S 37,1,27) (S 36,25,26) (D,0,1,1)
 0 1 2 27 52 7 (D,0,1,1) (S 26,1,19) (S 24,2,12) (S 12,12,13) (S 10,13,14) (S 22,18,25) (S 30,16,17) (D,0,1,1)
 0 1 3 25 56 6 (D,0,1,1) (S 25,2,1) (S 11,22,21) (S 38,23,26) (S 23,23,24) (S 9,24,24) (D,0,1,1)
 0 1 4 26 62 4 (D,0,1,1) (S 31,13,15) (S 5,14,14) (S 8,21,21) (D,0,1,1)
 0 1 5 27 64 5 (D,0,1,1) (S 29,26,27) (S 18,22,23) (S 32,22,25) (S 27,18,21) (D,0,1,1)
 0 1 6 21 57 4 (D,0,1,1) (S 35,14,18) (S 17,21,25) (S 33,20,21) (D,0,1,1)
