315
10
14619081
14620412
 0 1 1 27 30 7 (D,0,1,1) (S 12,1,4) (S 11,4,7) (S 6,7,7) (S 14,7,10) (S 10,3,5) (S 28,5,11) (D,0,1,1)
 0 1 2 27 33 4 (D,0,1,1) (S 13,1,7) (S 2,3,3) (S 19,1,9) (D,0,1,1)
 0 1 3 27 33 7 (D,0,1,1) (S 16,1,10) (S 31,10,11) (S 9,11,9) (S 30,5,10) (S 21,4,9) (S 8,9,8) (D,0,1,1)
 0 1 4 27 32 4 (D,0,1,1) (S 23,1,5) (S 4,5,5) (S 18,2,6) (D,0,1,1)
 0 1 5 26 29 4 (D,0,1,1) (S 27,1,11) (S 32,1,6) (S 5,6,6) (D,0,1,1)
 0 1 6 26 31 5 (D,0,1,1) (S 34,1,2) (S 17,2,5) (S 15,3,10) (S 26,3,9) (D,0,1,1)
 0 1 7 27 29 2 (D,0,1,1) (S 1,2,2) (D,0,1,1)
 0 1 8 27 31 3 (D,0,1,1) (S 3,4,4) (S 24,6,9) (D,0,1,1)
 0 1 9 27 35 4 (D,0,1,1) (S 7,8,8) (S 22,2,4) (S 29,9,10) (D,0,1,1)
 0 1 10 25 32 4 (D,0,1,1) (S 25,2,8) (S 33,2,11) (S 20,6,8) (D,0,1,1)
