209
6
14606092
14607421
 0 1 1 27 32 7 (D,0,1,1) (S 11,1,9) (S 13,9,10) (S 7,10,10) (S 12,10,8) (S 6,8,8) (S 14,2,9) (D,0,1,1)
 0 1 2 27 37 8 (D,0,1,1) (S 17,1,11) (S 18,1,7) (S 5,7,7) (S 9,7,5) (S 4,5,5) (S 20,7,9) (S 23,6,11) (D,0,1,1)
 0 1 3 25 28 4 (D,0,1,1) (S 26,1,6) (S 19,6,10) (S 1,2,2) (D,0,1,1)
 0 1 4 27 33 5 (D,0,1,1) (S 27,1,2) (S 8,2,4) (S 3,4,4) (S 25,2,6) (D,0,1,1)
 0 1 5 26 45 6 (D,0,1,1) (S 10,2,5) (S 24,7,8) (S 15,4,9) (S 21,6,9) (S 22,6,7) (D,0,1,1)
 0 1 6 22 34 4 (D,0,1,1) (S 2,3,3) (S 16,3,5) (S 28,3,11) (D,0,1,1)
