251
8
6571302
6572678
 0 1 1 27 29 5 (D 0,1,1) (S 12,1,3) (S 2,3,3) (S 21,3,11) (S 8,7,6) (D 0,1,1)
 0 1 2 27 30 7 (D 0,1,1) (S 13,1,7) (S 9,7,10) (S 7,10,10) (S 10,10,9) (S 11,9,7) (S 32,1,9) (D 0,1,1)
 0 1 3 26 33 9 (D 0,1,1) (S 17,1,11) (S 14,11,7) (S 19,1,4) (S 16,4,5) (S 4,5,5) (S 22,5,8) (S 15,2,11) (S 25,6,9) (D 0,1,1)
 0 1 4 27 29 7 (D 0,1,1) (S 28,1,2) (S 1,2,2) (S 33,2,8) (S 6,8,8) (S 35,2,3) (S 26,3,5) (D 0,1,1)
 0 1 5 24 31 5 (D 0,1,1) (S 5,6,6) (S 18,6,8) (S 24,5,7) (S 31,9,11) (D 0,1,1)
 0 1 6 26 30 4 (D 0,1,1) (S 29,3,9) (S 3,4,4) (S 36,4,9) (D 0,1,1)
 0 1 7 25 36 4 (D 0,1,1) (S 20,4,6) (S 23,4,11) (S 27,5,11) (D 0,1,1)
 0 1 8 23 33 4 (D 0,1,1) (S 30,5,10) (S 34,2,5) (S 37,2,4) (D 0,1,1)
