402
7
2679534
2680912
 0 1 1 40 75 7 (D 0,1,1) (S 8,1,6) (S 5,6,6) (S 2,3,3) (S 20,3,7) (S 7,7,9) (S 22,3,8) (D 0,1,1)
 0 1 2 39 51 5 (D 0,1,1) (S 12,1,9) (S 19,9,10) (S 6,7,7) (S 9,7,5) (D 0,1,1)
 0 1 3 40 59 4 (D 0,1,1) (S 15,1,8) (S 14,8,9) (S 4,5,5) (D 0,1,1)
 0 1 4 40 87 6 (D 0,1,1) (S 16,7,10) (S 17,7,8) (S 18,8,10) (S 13,4,2) (S 11,5,9) (D 0,1,1)
 0 1 5 35 41 3 (D 0,1,1) (S 3,4,4) (S 23,4,1) (D 0,1,1)
 0 1 6 40 61 4 (D 0,1,1) (S 10,5,2) (S 1,2,2) (S 24,3,6) (D 0,1,1)
 0 1 7 11 28 2 (D 0,1,1) (S 21,2,3) (D 0,1,1)
