324
10
5958950
22921417
 0 1 1 27 29 6 (D,0,1,1) (S 14,1,3) (S 2,3,3) (S 16,3,4) (S 19,4,6) (S 5,6,6) (D,0,1,1)
 0 1 2 27 29 7 (D,0,1,1) (S 36,1,5) (S 4,5,5) (S 11,5,8) (S 25,8,11) (S 13,11,10) (S 17,10,7) (D,0,1,1)
 0 1 3 27 28 3 (D,0,1,1) (S 42,1,4) (S 3,4,4) (D,0,1,1)
 0 1 4 27 33 6 (D,0,1,1) (S 7,8,8) (S 38,8,9) (S 12,9,10) (S 28,4,9) (S 34,3,11) (D,0,1,1)
 0 1 5 27 34 5 (D,0,1,1) (S 10,11,11) (S 15,2,6) (S 26,6,10) (S 24,3,7) (D,0,1,1)
 0 1 6 27 33 6 (D,0,1,1) (S 23,4,7) (S 6,7,7) (S 22,7,9) (S 33,7,11) (S 37,6,11) (D,0,1,1)
 0 1 7 27 31 3 (D,0,1,1) (S 1,2,2) (S 39,2,7) (D,0,1,1)
 0 1 8 25 31 5 (D,0,1,1) (S 8,9,9) (S 20,9,11) (S 21,3,9) (S 41,7,8) (D,0,1,1)
 0 1 9 26 41 6 (D,0,1,1) (S 9,10,10) (S 29,3,8) (S 18,6,7) (S 30,5,10) (S 27,2,5) (D,0,1,1)
 0 1 10 26 35 5 (D,0,1,1) (S 31,6,8) (S 35,2,4) (S 40,2,3) (S 32,5,9) (D,0,1,1)
