204
6
6345004
6346394
 0 1 1 27 32 9 (D 0,1,1) (S 12,1,9) (S 6,9,9) (S 11,9,7) (S 4,7,7) (S 20,7,8) (S 5,8,8) (S 8,10,3) (S 9,3,6) (D 0,1,1)
 0 1 2 27 31 5 (D 0,1,1) (S 15,1,7) (S 26,7,10) (S 10,10,6) (S 3,6,6) (D 0,1,1)
 0 1 3 27 37 6 (D 0,1,1) (S 16,1,10) (S 1,2,2) (S 13,2,4) (S 14,4,7) (S 27,2,9) (D 0,1,1)
 0 1 4 26 37 7 (D 0,1,1) (S 21,1,6) (S 22,6,11) (S 7,11,11) (S 23,1,8) (S 24,2,6) (S 28,2,5) (D 0,1,1)
 0 1 5 23 28 6 (D 0,1,1) (S 31,1,5) (S 18,5,7) (S 25,2,3) (S 2,3,3) (S 19,3,11) (D 0,1,1)
 0 1 6 24 39 4 (D 0,1,1) (S 29,3,5) (S 17,4,8) (S 30,4,9) (D 0,1,1)
