44262
7
6842811
23805342
 0 1 1 2000 5554 27 (D,0,485,485) (S 210,260,261) (S 106,106,106) (S 240,106,299) (S 216,267,268) (S 148,166,165) (S 239,165,298) (S 107,107,107) (S 19,19,19) (S 11,11,11) (S 5,5,5) (S 73,73,73) (S 82,82,82) (S 58,58,58) (S 63,63,63) (S 16,16,16) (S 118,118,118) (S 38,38,38) (S 79,79,79) (S 89,89,89) (S 96,96,96) (S 18,18,18) (S 100,100,100) (S 46,46,46) (S 93,93,93) (S 35,35,35) (S 4,4,4) (D,0,485,485)
 0 1 2 2000 6382 47 (D,0,485,485) (S 7,7,7) (S 80,80,80) (S 62,62,62) (S 112,112,112) (S 90,90,90) (S 81,81,81) (S 51,51,51) (S 88,88,88) (S 71,71,71) (S 177,212,201) (S 170,201,202) (S 151,171,108) (S 108,108,108) (S 167,108,197) (S 200,197,205) (S 172,205,171) (S 132,139,140) (S 124,127,9) (S 9,9,9) (S 25,25,25) (S 26,26,26) (S 178,213,214) (S 217,270,269) (S 234,270,255) (S 207,255,256) (S 203,249,137) (S 131,137,138) (S 14,14,14) (S 162,188,189) (S 33,33,33) (S 69,69,69) (S 176,211,210) (S 199,210,1) (S 1,1,1) (S 66,66,66) (S 125,123,10) (S 10,10,10) (S 30,30,30) (S 48,48,48) (S 47,47,47) (S 60,60,60) (S 61,61,61) (S 56,56,56) (S 54,54,54) (S 84,84,84) (S 67,67,67) (D,0,485,485)
 0 1 3 2000 5342 34 (D,0,485,485) (S 164,192,193) (S 166,195,196) (S 155,35,178) (S 129,135,134) (S 175,209,208) (S 137,148,147) (S 163,191,190) (S 104,104,104) (S 120,120,120) (S 236,120,293) (S 135,144,145) (S 165,145,194) (S 202,248,247) (S 127,130,131) (S 12,12,12) (S 59,59,59) (S 231,287,286) (S 121,122,121) (S 134,121,143) (S 187,228,227) (S 157,182,181) (S 20,20,20) (S 39,39,39) (S 136,146,133) (S 128,133,132) (S 205,252,251) (S 204,250,150) (S 138,150,149) (S 143,149,157) (S 111,111,111) (S 173,206,35) (S 45,45,45) (S 50,50,50) (D,0,485,485)
 0 1 4 2000 6983 38 (D,0,485,485) (S 192,45,234) (S 160,186,185) (S 152,172,173) (S 86,86,86) (S 149,168,167) (S 206,253,254) (S 233,290,289) (S 201,246,245) (S 156,179,180) (S 168,180,198) (S 180,198,176) (S 154,176,177) (S 133,141,142) (S 140,142,152) (S 139,152,151) (S 145,160,8) (S 8,8,8) (S 230,285,152) (S 159,152,184) (S 144,158,159) (S 158,142,183) (S 27,27,27) (S 215,265,266) (S 77,77,77) (S 219,141,219) (S 182,219,218) (S 44,44,44) (S 13,13,13) (S 179,215,125) (S 123,125,126) (S 227,283,282) (S 110,110,110) (S 43,43,43) (S 91,91,91) (S 99,99,99) (S 209,259,78) (S 21,21,21) (D,0,485,485)
 0 1 5 2000 6230 40 (D,0,485,485) (S 212,263,262) (S 223,276,277) (S 109,109,109) (S 29,29,29) (S 220,273,272) (S 193,236,235) (S 221,235,274) (S 102,102,102) (S 103,103,103) (S 97,97,97) (S 72,72,72) (S 2,2,2) (S 34,34,34) (S 64,64,64) (S 101,101,101) (S 85,85,85) (S 53,53,53) (S 22,22,22) (S 225,280,279) (S 196,240,179) (S 189,231,232) (S 126,128,129) (S 130,129,136) (S 31,31,31) (S 146,161,162) (S 211,162,229) (S 188,229,230) (S 174,207,61) (S 41,41,41) (S 116,116,116) (S 23,23,23) (S 40,40,40) (S 238,296,297) (S 74,74,74) (S 76,76,76) (S 24,24,24) (S 95,95,95) (S 197,242,241) (S 55,55,55) (D,0,485,485)
 0 1 6 1999 7484 36 (D,0,485,485) (S 65,65,65) (S 98,98,98) (S 150,170,169) (S 198,243,244) (S 49,49,49) (S 228,49,284) (S 161,187,42) (S 42,42,42) (S 169,199,200) (S 237,295,294) (S 122,123,124) (S 222,74,275) (S 87,87,87) (S 186,226,225) (S 214,242,204) (S 171,204,203) (S 226,203,281) (S 94,94,94) (S 83,83,83) (S 36,36,36) (S 142,155,156) (S 190,156,154) (S 141,154,153) (S 115,115,115) (S 191,233,68) (S 68,68,68) (S 3,3,3) (S 213,264,180) (S 105,105,105) (S 15,15,15) (S 6,6,6) (S 78,78,78) (S 70,70,70) (S 92,92,92) (S 52,52,52) (D,0,485,485)
 0 1 7 1483 6287 25 (D,0,485,485) (S 28,28,28) (S 218,271,219) (S 117,117,117) (S 183,221,220) (S 119,119,119) (S 114,114,114) (S 75,75,75) (S 235,292,291) (S 57,57,57) (S 32,32,32) (S 194,32,237) (S 229,237,175) (S 153,175,174) (S 181,216,217) (S 232,217,288) (S 224,278,224) (S 185,224,113) (S 113,113,113) (S 195,239,238) (S 184,222,223) (S 208,258,257) (S 147,164,163) (S 17,17,17) (S 37,37,37) (D,0,485,485)
