717
9
2680557
2681934
 0 1 1 50 63 10 (D 0,1,1) (S 43,1,2) (S 1,2,2) (S 37,2,1) (S 40,2,3) (S 2,3,3) (S 27,3,9) (S 38,9,4) (S 50,4,9) (S 22,31,31) (D 0,1,1)
 0 1 2 50 68 8 (D 0,1,1) (S 28,31,29) (S 20,29,29) (S 32,29,27) (S 33,27,24) (S 18,26,26) (S 53,29,28) (S 31,31,6) (D 0,1,1)
 0 1 3 50 71 10 (D 0,1,1) (S 45,31,5) (S 4,5,5) (S 56,5,6) (S 5,6,6) (S 8,11,11) (S 25,11,10) (S 7,10,10) (S 36,10,16) (S 52,14,10) (D 0,1,1)
 0 1 4 50 74 7 (D 0,1,1) (S 54,3,2) (S 24,9,13) (S 10,13,13) (S 3,4,4) (S 9,12,12) (S 55,12,11) (D 0,1,1)
 0 1 5 49 78 10 (D 0,1,1) (S 57,5,31) (S 19,28,28) (S 44,10,14) (S 39,14,15) (S 34,15,16) (S 11,16,16) (S 12,17,17) (S 58,17,16) (S 42,15,14) (D 0,1,1)
 0 1 6 50 73 7 (D 0,1,1) (S 29,9,8) (S 23,8,12) (S 49,12,18) (S 13,18,18) (S 48,18,19) (S 35,19,18) (D 0,1,1)
 0 1 7 49 121 5 (D 0,1,1) (S 51,11,6) (S 21,30,30) (S 6,7,7) (S 16,21,21) (D 0,1,1)
 0 1 8 48 115 5 (D 0,1,1) (S 47,7,8) (S 30,21,22) (S 15,20,20) (S 41,19,22) (D 0,1,1)
 0 1 9 20 54 2 (D 0,1,1) (S 14,19,19) (D 0,1,1)
