248
6
2707444
2708872
 0 1 1 5 50 6 (D 0,1,1) (S 10,1,9) (S 9,9,11) (S 12,8,11) (S 24,8,10) (S 17,10,11) (D 0,1,1)
 0 1 2 5 21 6 (D 0,1,1) (S 16,1,10) (S 5,7,7) (S 15,7,12) (S 6,12,12) (S 7,12,6) (D 0,1,1)
 0 1 3 5 56 6 (D 0,1,1) (S 20,1,7) (S 21,7,10) (S 4,6,6) (S 22,6,8) (S 25,9,10) (D 0,1,1)
 0 1 4 5 39 6 (D 0,1,1) (S 2,4,4) (S 8,4,3) (S 18,3,5) (S 3,5,5) (S 14,5,11) (D 0,1,1)
 0 1 5 5 57 5 (D 0,1,1) (S 11,4,12) (S 23,5,12) (S 1,2,2) (S 13,2,3) (D 0,1,1)
 0 1 6 1 25 2 (D 0,1,1) (S 19,2,9) (D 0,1,1)
