418
7
1437174
1438561
 0 1 1 40 47 5 (D 0,1,1) (S 20,1,8) (S 10,8,7) (S 6,7,7) (S 8,7,5) (D 0,1,1)
 0 1 2 40 62 5 (D 0,1,1) (S 21,1,7) (S 9,7,9) (S 7,9,9) (S 2,3,3) (D 0,1,1)
 0 1 3 36 58 6 (D 0,1,1) (S 11,7,6) (S 5,6,6) (S 17,3,6) (S 22,3,7) (S 3,4,4) (D 0,1,1)
 0 1 4 41 56 4 (D 0,1,1) (S 18,4,5) (S 4,5,5) (S 13,5,6) (D 0,1,1)
 0 1 5 36 66 4 (D 0,1,1) (S 19,4,1) (S 24,3,1) (S 14,2,5) (D 0,1,1)
 0 1 6 37 63 4 (D 0,1,1) (S 1,2,2) (S 15,2,1) (S 16,2,3) (D 0,1,1)
 0 1 7 15 66 3 (D 0,1,1) (S 12,8,9) (S 23,8,10) (D 0,1,1)
