425
7
5928107
22890536
 0 1 1 40 48 6 (D,0,1,1) (S 10,1,4) (S 2,4,4) (S 14,4,2) (S 17,2,8) (S 8,8,3) (D,0,1,1)
 0 1 2 40 60 7 (D,0,1,1) (S 11,1,7) (S 4,7,7) (S 9,7,6) (S 22,6,9) (S 19,9,10) (S 7,10,8) (D,0,1,1)
 0 1 3 40 61 6 (D,0,1,1) (S 21,1,5) (S 3,5,5) (S 18,5,6) (S 13,3,7) (S 12,7,8) (D,0,1,1)
 0 1 4 39 68 5 (D,0,1,1) (S 24,1,6) (S 15,3,1) (S 16,7,10) (S 25,3,6) (D,0,1,1)
 0 1 5 40 68 4 (D,0,1,1) (S 23,4,5) (S 26,5,7) (S 1,2,2) (D,0,1,1)
 0 1 6 27 61 3 (D,0,1,1) (S 20,2,3) (S 6,9,9) (D,0,1,1)
 0 1 7 19 59 2 (D,0,1,1) (S 5,8,8) (D,0,1,1)
